import pandas as pd

def gen():
    # Data
    data = [
        [1.0, 0.0701, 0.0703, 0.0176, 0.0933, 0.0176, 0.0932, 0.0939, 0.0815, 0.0072],
        [0.0701, 1.0, 0.0419, 0.0166, 0.0181, 0.0166, 0.0181, 0.3809, 0.2033, 0.263],
        [0.0703, 0.0419, 1.0, 0.2595, 0.1366, 0.2595, 0.1366, 0.0887, 0.0302, 0.0257],
        [0.0176, 0.0166, 0.2595, 1.0, 0.1255, 1.0, 0.1255, 0.1381, 0.1127, 0.0629],
        [0.0933, 0.0181, 0.1366, 0.1255, 1.0, 0.1255, 1.0, 0.4001, 0.0648, 0.0794],
        [0.0176, 0.0166, 0.2595, 1.0, 0.1255, 1.0, 0.1255, 0.1381, 0.1127, 0.0629],
        [0.0932, 0.0181, 0.1366, 0.1255, 1.0, 0.1255, 1.0, 0.4001, 0.0648, 0.0794],
        [0.0939, 0.3809, 0.0887, 0.1381, 0.4001, 0.1381, 0.4001, 1.0, 0.0747, 0.1677],
        [0.0815, 0.2033, 0.0302, 0.1127, 0.0648, 0.1127, 0.0648, 0.0747, 1.0, 0.911],
        [0.0072, 0.263, 0.0257, 0.0629, 0.0794, 0.0629, 0.0794, 0.1677, 0.911, 1.0],
    ]

    # Create DataFrame
    df = pd.DataFrame(data)

    # Save to Excel
    df.to_excel("output_values.xlsx", index=False)

if __name__ == "__main__":
    gen()